
模型文件格式说明


/*
 * index_t fullLayer_Cells[3]={512,100};
=========== model file begin ===============
score_func_:youtubeDnn
loss_func_:cross-entropy
num_feat_:19802451
num_field_:6
num_K_:100
aux_size_:1
embedding_0:0,0,0,0,0,0,0,0,0,0,0,0,0,0,0,0,0,0,0,0,0,0,0,0,0,0,0,0,0,0,0,0,0,0,0,0,0,0,0,0,0,0,0,0,0,0,0,0,0,0,0,0,0,0,0,0,0,0,0,0,0,0,0,0,0,0,0,0,0,0,0,0,0,0,0,0,0,0,0,0,0,0,0,0,0,0,0,0,0,0,0,0,0,0,0,0,0,0,0,0
embedding_1:0,0,0,0,0,0,0,0,0,0,0,0,0,0,0,0,0,0,0,0,0,0,0,0,0,0,0,0,0,0,0,0,0,0,0,0,0,0,0,0,0,0,0,0,0,0,0,0,0,0,0,0,0,0,0,0,0,0,0,0,0,0,0,0,0,0,0,0,0,0,0,0,0,0,0,0,0,0,0,0,0,0,0,0,0,0,0,0,0,0,0,0,0,0,0,0,0,0,0,0
embedding_2:0.345527,3.4083,2.53714,1.06825,0.369487,-0.908687,1.10561,1.61797,0.59784,0.290151,0.139645,-1.99176,-0.821505,0.200736,0.370255,-1.15696,0.529151,-0.85234,-0.926722,0.726521,0.585961,0.296984,0.102783,0.205854,0.29011,0.483253,0.913244,0.597695,-0.479839,-0.830791,-0.305062,-0.137105,1.67195,-0.240349,0.448204,0.760284,0.213557,-0.611432,0.905634,-0.134137,1.39275,-0.255031,-0.141783,0.365846,0.212081,-0.0146732,1.02324,-0.839775,-0.340591,0.330006,-0.00776632,0.434857,0.91831,1.02609,-0.984026,0.3826,-0.193992,-0.0366426,0.443846,0.638518,-0.163658,0.847447,0.125538,0.116184,0.997386,-0.164424,-0.0741211,-0.560136,-0.00805404,-0.707401,-0.376802,-0.175469,-0.0567067,0.167626,0.75266,0.694112,1.27723,0.524295,0.219424,-0.220288,-0.748048,0.754847,-0.100081,-0.490767,1.55633,0.153294,-0.302713,0.918061,-0.156089,0.139869,-0.301384,0.179431,0.642577,-0.22047,-0.46683,-0.101506,0.913709,-0.601554,-0.997972,-0.980152
embedding_3:-0.191401,-1.13937,2.35067,-1.03023,-0.573039,0.367431,1.47973,1.59128,-0.940072,-1.10654,-0.782287,0.994664,0.193339,-0.128537,0.0923402,0.12969,1.1613,0.333514,0.277677,-0.54093,0.544114,-0.0968873,0.366641,0.0649303,0.895271,-0.202496,0.621488,-0.0484396,-0.308687,1.0341,0.64392,-0.119736,0.385083,0.583524,-0.728331,-1.2526,-0.162365,0.232619,0.0913066,0.52041,1.04552,0.20393,0.484591,0.856128,0.0452379,0.416126,-0.897559,-0.544663,0.432297,-0.0366359,-1.45811,-0.0623629,0.278914,1.23629,-0.193943,1.24427,0.325004,-0.292464,-0.795225,0.41096,0.358272,0.557989,0.393964,0.152265,-0.30068,-0.351884,0.108794,-0.41557,0.325546,0.0912194,0.857301,0.384638,-0.590096,1.01986,-0.110717,-0.358964,0.455419,0.232279,-0.0260036,-0.195098,0.622315,0.239366,1.70379,-0.152236,0.212724,0.140693,-0.381251,0.839896,1.12253,0.576154,0.3191,0.187825,0.185295,-0.734737,0.640916,-1.07537,-0.48639,-0.543959,-0.657499,-0.187823
.....
embedding_19802450:0.308301,0.613754,0.156871,0.147907,0.196955,0.487315,0.108295,0.136814,-0.0330156,0.119022,0.142624,-0.114847,-0.00831661,0.260883,0.0161384,0.0517693,0.0318681,0.155213,-0.0664345,-0.0713456,0.292836,0.128167,0.156834,-0.0494161,-0.0558446,0.115432,0.00479637,0.16541,0.00784878,0.0155881,-0.117271,-0.0444355,-0.117804,0.0496768,0.0525499,-0.105227,-0.204288,-0.0493214,-0.115681,0.159576,-0.176979,0.0211726,0.0741306,0.0562883,0.216247,-0.0496372,-0.00270674,0.192777,0.0928438,0.067341,0.0586998,0.0148997,0.00485325,-0.135067,0.0211047,0.00703355,0.427782,0.0355475,0.0296647,0.167423,-0.0223818,0.151649,0.559206,-0.153328,0.281568,-0.243362,0.0615067,-0.039911,0.114346,0.276566,0.0770737,0.135534,0.0361267,-0.0167884,0.0446504,0.275055,-0.227534,-0.27817,-0.222175,0.0892854,-0.0847394,0.199902,0.142127,-0.133467,-0.0679832,0.0190438,0.138398,0.0811032,0.187644,0.249873,0.164098,0.00765142,-0.0535253,0.16296,-0.0450273,0.139943,-0.13469,0.0491807,0.0130484,-0.361168
bias_0:-6.79545,-0.841356,-2.02878,-1.27179,-0.722834,-1.04567,-0.766163,-0.967361,-1.06881,-1.09399,-0.65467,-1.7351,-0.843223,-0.97093,-0.561151,-2.15802,-0.821373,-1.10744,-1.43217,-2.05091,-2.07857,-1.15559,-1.71593,-0.542871,-1.79042,-1.8162,-1.07928,-1.11087,-1.05367,-1.29558,-1.60272,-1.13365,-0.768497,-1.75517,-2.35639,-1.08642,-1.11968,-0.327189,-1.14794,-0.931111,-1.00879,-0.676084,-1.62385,-0.891686,-1.69005,-1.62974,-0.777272,-1.12014,-1.4715,-2.43688,-1.23179,-0.602676,-1.64426,-1.57393,-1.08522,-1.23436,-1.12014,-2.09766,-0.74585,-1.74327,-0.969098,-2.67147,-0.918362,-0.422608,-1.19796,-2.08949,-1.08594,-1.73085,-1.05536,-1.41586,-0.698088,-0.819722,-0.439488,-1.77902,-1.13226,-2.1153,-1.37305,-1.1394,-1.98844,-1.71148,-1.08185,-0.492414,-0.737665,-0.777836,-1.46,-0.732555,-0.876263,-0.890473,-1.1386,-1.00232,-0.732165,-1.08714,-0.744235,-1.05948,-0.39091,-1.15057,-0.955958,-0.661115,-1.14157,-1.12295,-7.43121,-1.03963,-1.86439,-0.753451,-1.83521,-1.4636,-1.92042,-0.896472,......
weight_0_0:-0.465083,-0.0778214,-0.0554667,-0.0519661,-0.084313,-0.0670404,-0.0945797,-0.107515,-0.282982,-0.0771324,-0.0241397,-0.229896,-0.0933186,-0.0239884,-0.0402561,-0.302583,-0.139161,-0.134786,-0.177242,-0.10151,-0.129073,-0.100344,-0.143098,0.0179996,-0.190706,-0.105987,-0.130057,0.033094,-0.055934,-0.207257,-0.184028,-0.0970262,0.0159827,-0.157879,-0.168361,-0.0672797,-0.0784887,0.0101037,-0.0676488,-0.0935696,-0.0766477,-0.0569767,-0.0216483,-0.127794,-0.238058,-0.216858,-0.0613227,0.0458252,-0.103862,-0.221586,-0.10659,-0.0427873,-0.121591,0.0897377,-0.0474346,-0.100044,-0.0664622,-0.126132,-0.0252847,-0.121752,-0.111697,-0.143919,-0.0527594,-0.060432,-0.0605462,-0.0664182,-0.0651365,-0.0578232,-0.0877088,-0.00104021,-0.156946,0.0194874,-0.0707301,-0.0752292,-0.181689,0.0630754,-0.12186,-0.0994149,-0.150234,-0.216994,-0.0155031,-0.0701603,-0.121651,-0.0900621,-0.0831494,-0.0610026,-0.0394059,-0.0707675,-0.0251081,0.0232036,0.0019994,-0.0267557,0.029929,-0.07591,-0.0416398,......
weight_0_1:-0.426731,-0.312784,-0.182542,-0.511351,-0.326461,-0.470193,-0.558496,-0.331707,-0.695323,-0.707232,-0.299223,-0.32276,-0.260479,-0.692004,-0.392187,-0.304534,-0.601735,-0.254412,-0.523594,-0.311468,-0.153304,-0.388618,-0.476405,-0.459683,-0.359204,-0.271042,-0.643847,-0.206436,-0.376127,-0.209877,-0.407659,-0.21219,-0.648141,-0.672899,-0.509261,-0.620642,-0.493342,-0.126448,-0.38655,-0.220045,-0.430003,-0.559703,-0.430058,-0.379504,-0.174964,....
.....
weight_0_499:-0.0262771,0.024921,-0.00805833,0.0205217,0.023428,-0.016409,0.027271,-0.00449452,0.00610515,-0.00434159,0.00968942,-0.0249148,-0.00575418,0.0111494,0.0109819,-0.00318195,0.0152689,0.00285909,-0.016447,-0.026655,-0.0257226,0.0112995,0.0252119,-0.0185748,0.0284372,-0.00530615,0.0157744,-0.0176965,-0.0268277,-0.0114114,0.0176841,-0.00615318,0.013736,0.0235151,-0.010073,-0.0046573,0.0120674,-0.0193419,-0.0288174,-0.0256453,0.0256657,0.0255555,-0.0189359,0.0279932,-0.000293288,-0.029021,-0.00646567,0.0119628,-0.0271344,0.0249226,0.020169,-0.0112547,0.026616,0.0129374,0.0195251,0.0171281,.....
bias_1:0.2399,0.801548,0.0940755,0.63617,0.234062,0.21239,0.593009,0.469562,0.0254982,0.249356,0.036058,-0.322547,-0.0496375,0.618884,-0.0978789,-0.113254,-0.0858423,0.117798,0.138105,-0.41506,0.516984,0.0744548,-0.442498,-0.496293,-0.398158,0.216036,0.190233,-0.198678,0.135167,-0.168361,-0.210993,0.107914,0.200892,-0.497124,.....
weight_1_0:1.02992,4.28524,-0.440089,-0.180026,1.63221,-4.09425,3.13494,-2.70178,-1.45948,0.361674,0.609002,0.92147,-0.0152312,-0.24551,-1.35214,0.0401938,-0.295986,0.500494,-0.0253079,-1.01676,0.230937,0.599271,0.695101,0.373709,-0.888969,1.00339,0.674768,0.138723,-0.236333,-0.266142,-1.23589,-0.184259,-0.161268,-1.36989,-0.100329,0.521033,0.520971,-1.13781,0.123105,-0.145667,-0.115775,0.314904,0.785396,-0.0625108,1.16286,-0.0787493,-0.883432,0.689437,0.828995,0.148212,-0.728039,-1.27192,0.144836,-0.886838,0.687417,.....
weight_1_1:-0.13819,0.166927,0.0589065,-0.108624,0.0748693,0.121601,0.153046,-0.242969,0.0360001,0.121035,0.002318,-0.174092,0.109611,0.0212361,-0.000298673,0.0399261,0.215547,0.0498342,0.0810918,0.258142,0.0789918,0.0459993,0.15291,0.0304527,-0.106207,-0.0770231,-0.188656,.....
.....
weight_1_511:0.239565,-0.0946616,-0.368331,-0.0270469,-0.116061,0.496316,-0.0807317,0.16969,0.0793219,0.00300723,0.082529,0.172438,-0.029692,0.0407635,-0.287386,0.146578,-0.0284206,-0.198871,0.072764,0.0555908,-0.300383,0.0870341,0.017989,0.111419,-0.189804,-0.0308786,-0.0742593,-0.125159,.....
=========== model file end ===============
 */

